"0","filename <- 'Sero_0_9M_group.png'"
"0","ggsave(file = file.path(saved.dir, filename), width = 3, height = 3, dpi = 300)"
"2","Warning:"
"2"," Removed 118 rows containing missing values (geom_point).
"
